#drone time 
    0           1           2           3           4       5           6           7  
[[0.         2.93538178 1.90545098 3.27315526 3.01654127 2.46631141 2.37158848 0.        ]      0
 [2.93538178 0.         4.67030118 5.28967708 3.25431265 1.10458481 2.74268885 2.93538178]      1
 [1.90545098 4.67030118 0.         3.91401224 4.70563196 3.92611267 2.97971498 1.90545098]      2
 [3.27315526 5.28967708 3.91401224 0.         2.6920589  5.36912202 5.64382302 3.27315526]      3
 [3.01654127 3.25431265 4.70563196 2.6920589  0.         3.81885218 4.83929286 3.01654127]      4
 [2.46631141 1.10458481 3.92611267 5.36912202 3.81885218 0.         1.64628055 2.46631141]      5
 [2.37158848 2.74268885 2.97971498 5.64382302 4.83929286 1.64628055 0.         2.37158848]      6
 [0.         2.93538178 1.90545098 3.27315526 3.01654127 2.46631141 2.37158848 0.        ]]     7


#technican time
[[0.         4.20063254 2.72676606 4.68399804 4.31677458 3.52937667 3.3938249  0.        ]      0   
 [4.20063254 0.         6.68336203 7.5697103  4.65703362 1.58069895 3.92488233 4.20063254]      1
 [2.72676606 6.68336203 0.         5.60108648 6.7339216  5.61840261 4.26407489 2.72676606]      2
 [4.68399804 7.5697103  5.60108648 0.         3.85242911 7.68339875 8.07650535 4.68399804]      3
 [4.31677458 4.65703362 6.7339216  3.85242911 0.         5.46490915 6.92519496 4.31677458]      4
 [3.52937667 1.58069895 5.61840261 7.68339875 5.46490915 0.         2.35588424 3.52937667]      5
 [3.3938249  3.92488233 4.26407489 8.07650535 6.92519496 2.35588424 0.         3.3938249 ]      6
 [0.         4.20063254 2.72676606 4.68399804 4.31677458 3.52937667 3.3938249  0.        ]]     7
