Customers 100 
Coordinate X		 Coordinate Y 		Demand 
2.2935531547696755  -2.0766445955563073  43.861790113413576  
-2.3866350192986996  -0.5460345071469757  0.43817737197018564  
-3.965943604004777  3.662425246233811  0.16018292354509217  
3.0079853019230303  2.2165700102985397  1.1834233973258974  
-3.9827289488379645  -3.06044387075855  0.7960485750015858  
1.6677638000167079  -2.8885833417164655  2.382119772245805  
-0.023297448088783312  -2.047272035056732  1.2832286674971618  
-3.8917264484483627  -2.236168269601553  0.11164205577516323  
-4.632078377779452  -0.3596681882647257  1.6272301950272485  
-1.8645909991579144  -0.054656737740742756  0.7694422627790856  
-2.4017512140702446  -0.20875762422778443  1.6177205216165347  
4.641295458810095  -2.3315686418015593  66.40176833208128  
1.0549003184923933  1.0558895832054294  0.06930958826838085  
4.343189474466181  2.3580629246590803  1.1680287139637007  
4.84566095380233  -0.1651062429872363  2.3779144382625654  
-1.37056436800028  -2.673430821869717  1.6218522977883376  
-2.3338593524314035  -2.478171776190993  1.168096507249363  
2.1765416384334717  2.278431485272333  2.1998008182022777  
-1.2923174292682882  0.07666829589497937  0.4317628789592426  
1.5014336040495246  -4.928463936261897  0.3275583698041215  
4.019982540121736  4.406493806694977  1.6836211147858675  
2.1129556902210993  0.4614627288101145  1.7633281994923533  
0.24248296203178565  2.5300021331839755  1.283779435481681  
-2.5733261338108626  -1.9446342443317954  0.8807135008361298  
0.11860291151758773  -2.9976004459934558  1.2028816583327886  
-4.892951529041262  4.202014352087133  55.32456910203091  
-3.2931311612928624  3.5772297395340047  1.1301687611846862  
-0.998962070442416  -4.955449114115086  0.09416344253072056  
-4.296993294632846  -0.4182953851414064  0.4498567933352149  
-2.6728050329298414  0.462532946310902  1.8671909277875667  
-2.2129415216115156  -1.0179030864881975  47.989018809618365  
0.2843189362885834  1.1298199913976052  2.2347778983920037  
-4.590415396999003  -2.3842399645653245  0.5427844368540526  
2.7437256768996843  3.4148649235182145  0.7281196094465328  
0.9310179900833493  4.566335495562729  1.885978673543066  
0.18919859655494164  -0.6500209807281845  1.3739908490295605  
-4.471772063371503  -1.8412876900454336  1.9487056054708187  
-1.431316639681616  1.3961260110841334  62.119949090336256  
0.7823598862593615  -2.449700425597685  1.6541525175358207  
1.2217866750894473  4.229812927081891  1.8731060805461432  
-2.637988986522537  3.395173825738162  1.8852741874206327  
-1.4528549427312862  -1.721363160610104  1.972308367247981  
-2.284194473117859  3.5576666876060568  0.7503249149097277  
-1.4262768983119023  2.2320520726709283  22.238257457394234  
2.188432729781252  2.3519522302444438  1.419832257797927  
-0.8998950205949798  4.253918885702646  2.0984866565548534  
0.4742080826464612  4.284198875496891  2.1854027252596726  
4.5658424821782155  4.123398550340639  0.7008019560237622  
2.8222220194675387  -4.22615464889774  1.0157509182084212  
3.318919988463472  1.0307538290050822  0.5426181069070801  
-2.0928612258844437  0.8305679841728661  0.010341790096416448  
3.4434015313921034  4.254618955476245  2.4558106280431318  
-3.2202942780615498  -0.8365040678141273  22.832172715050675  
-2.1886810720398975  -3.552695397858554  2.1023098310741233  
4.811037206332392  -2.3007575390397927  2.377136792584497  
1.522867863524339  1.7546944133922775  0.3375483195630899  
-3.955262099633432  -1.0146894184221988  1.634205529571123  
-2.6010284386139784  3.4973004509598624  29.872829213735177  
-3.129078596939615  2.455437504936924  33.20838288056055  
-2.3097268053893094  -1.3609619203053134  2.1530520278590624  
-1.5638061857435428  -2.9665592292493956  1.2424165466273351  
2.666623896928158  -1.2297172032986445  1.1770469349295167  
-0.29633836152712334  -3.9478728430833687  1.9712609199578381  
-0.7488740347602665  -0.16822800897356593  2.2411414972840067  
-4.422975700559205  -2.036173295468535  0.8068797539396566  
-4.6372071793360545  -4.694085937696074  59.514260852414914  
-2.9971815611795973  -1.1808817456131915  0.568395247607987  
-1.8681092404281041  0.10206721500425786  1.4010843361327043  
2.464873461237512  4.990301901181196  1.6205228867517234  
-3.347975416915868  4.862349984162332  0.9286263096263216  
2.785040060209969  -2.8838112899069412  2.324833759558591  
2.43302654854472  2.9145475228640407  2.4560268954395785  
3.6442587121924905  -1.2552365255233244  0.042926663828324885  
3.2187158723449976  4.5986736957100245  1.6304836663587237  
2.7380244343853573  -4.349712642445431  0.5919015418493168  
-1.6664119959047117  -3.8062460228884243  0.20119055580745698  
0.9803145700181082  4.301401635791594  2.1775248570247845  
-3.7775033453138795  3.171391061282602  0.8961826972678644  
-0.3299574722296059  0.4567945439469039  0.45547652981937914  
-2.6526081039434524  0.0026731908935451187  1.9868339251814642  
-1.9659040311032907  1.3649938550993372  1.9960705186019574  
-1.8948233553411473  1.2449915070937383  1.6278974815672425  
-1.938973980498384  -2.4551515377588764  1.5528383835586568  
3.9307429837921166  1.1353269494087268  0.18598044465386349  
-3.960552433845886  2.62326047714836  1.660367341832011  
2.249252648450658  1.4165684633648814  1.8943427776655106  
2.7152149026078014  2.2067316346637913  1.2117829529976518  
-1.5582766486227353  -0.37657345387930174  0.29691142092628936  
-3.5185669906671246  -4.736715897509965  0.29126706759111526  
0.4879807291130529  2.554503962462923  0.06940015778458042  
-3.484630297797884  3.991321049250727  1.662002164998233  
0.45104526083188823  2.1570862458365925  0.9304254726313083  
-4.723671887526985  0.6519886355396318  66.29521805913829  
3.467008052792531  3.5512143383077603  2.480509857945125  
2.2785451069372424  2.341599490802958  0.0687296490948372  
-2.5955346372629053  -2.5803976433429767  1.9318624719887971  
3.5531756319202383  -2.8193152203011964  2.4763636390031034  
-1.1424305921465416  1.4899609758574925  2.3168279894168946  
3.7134267273569996  -2.103768431982326  0.1386521950183861  
3.6367612328108905  -1.663706783068597  1.8878941610919702  
