Customers 150 
Coordinate X		 Coordinate Y 		Demand 
6.7301629810743435  8.604652533238038  1.097899646114309  
14.79394221724774  -11.168142624280655  1.6415172165455822  
12.36299502493197  3.9866522840377243  0.76710756603242  
-13.251002209589481  8.50213894353833  1.5302873057446573  
-8.872787355061288  13.907530677114938  46.492531608147466  
-11.898371245693255  -14.434260419661344  15.069556502823643  
-3.235061808294745  -6.879456522917302  1.6140011810720565  
12.834321318972734  -11.99856577640734  2.34063972188269  
2.8014738361484994  -1.136477546033758  1.654836188500621  
10.330200926208086  6.806678340273983  0.923822783721667  
-13.632650997057182  -13.377624943689476  1.9251667091993976  
13.602739200114254  -11.84148257019733  1.8647161500242508  
1.0212287246038265  -6.828188781757797  0.3053312433369651  
5.334902308269342  7.75405063753427  1.4946343501022454  
-6.934143000079175  8.572973074552845  2.340269541003316  
-0.03005942236211112  12.760150907311537  1.2445395885257482  
-6.650764719766585  -13.692333284559778  1.1767923118655705  
-12.403998560320543  4.30212856713716  47.866811900837156  
4.043213520029724  -1.7711248922642895  1.9931908535778644  
-7.133253450225753  10.921015519017956  1.3036542795608779  
-12.60831167257374  8.507243938179837  1.0090777764816217  
-0.29982182227635157  -9.070825862119936  1.9428622462575609  
10.920594368186183  8.253226881648775  62.45473516293844  
9.997838503602711  -10.906097537329854  1.05245070069174  
11.101870371308305  -0.005424432111269084  1.1731559092773058  
2.126594738832104  10.578730173293177  0.7784261555061323  
-5.036402263733212  -11.311134109438367  1.311785129822633  
12.405173930263942  12.572095935482384  2.1407567514384707  
6.638488396068041  -6.54925339728868  0.36832466556493054  
0.33765477921364884  1.5330883137938258  1.874709908983342  
3.3429210537919474  11.673592678239505  0.1270191252282915  
5.836089050411509  -8.516061176835462  0.5076941103925667  
2.778699541057403  -5.2747387700761585  2.3291971182616296  
4.17445029155704  6.278956248266599  0.8219957334366303  
1.4497330866315785  -8.102372230298407  2.2056644824221276  
11.916090708594432  -13.720410763525845  41.244576723908345  
10.88582185487192  -3.210404986184141  62.56226076027145  
14.556896094282447  7.365304282019018  34.04198814067158  
-3.734271009725486  -2.1967401583425996  2.2428140674790797  
14.126331501600202  -2.290035904504963  2.0604179890436005  
-10.568262496515112  -8.067068271513927  0.9733536809607102  
-7.511448757209188  5.2534021934662505  0.9591072693200089  
-4.212128329577041  -1.4733222444535752  0.6071890228721786  
13.585778199042135  6.297867749985503  1.6813453036085635  
12.073975244907881  -2.7999051061638927  2.3020277416221924  
5.366127586228632  -6.840956973216411  0.31547960180950296  
-0.4921727259783921  -8.418008405918334  59.512620858867955  
-0.3619352609882114  6.301310329662169  0.13175792592227648  
-5.7125088306418075  -11.928339619800127  1.1695158293172805  
-4.406310730435873  -6.113043273746893  0.046285409819515066  
4.946079835054402  -13.71255841629006  0.8048989078752997  
0.24302957527899238  -10.830986187237531  1.4493924624475976  
13.551126023743564  -4.613743436386411  2.4335858116837086  
-3.498466877308932  -6.342593763770225  1.298803388674392  
-14.759259502189227  7.933795126506414  0.6818830853148015  
-12.827053012711538  11.488105142333588  0.0029968634108784586  
8.088757225375186  -9.494941486268397  2.4343116638598032  
0.5697649122272654  -2.075024322024122  0.7451484353711093  
2.7910381300937495  -12.305071858292752  0.817049673888032  
11.013441400599547  2.4239961667305288  0.023046400988173676  
9.165137294764357  -6.281537867209369  1.7694183889003017  
4.956552904061994  14.189545909498111  2.3053704984190166  
-6.044496380172159  3.280596751850595  1.4163021163440863  
10.969090752739334  -14.34755116029875  2.329725414081584  
-8.063583304153799  0.894948750941138  17.68007971505218  
9.33108131191161  6.7994527745214555  1.6928186820422988  
-10.195163991356374  -14.668602698130723  0.8901475064757027  
4.473715551707933  10.78383663241246  2.0081742050128346  
-10.144642434364602  13.37214040146321  0.09235751894090899  
11.01117837441507  -11.25316100704664  0.031771480188378665  
7.929460967757645  14.55591001726927  2.2472057863120316  
11.605359662106132  -10.72041862970389  0.7810020753360225  
7.631234086483143  6.090035270548288  1.6787171333442499  
12.40564342416798  -4.54481036544556  0.29733241391065035  
-9.698229336205904  -5.389964981426639  5.70908268497416  
-0.6940467923634834  -10.13921237705896  0.328065662579205  
-12.255583404791235  -1.0335612556513443  2.1655609006199237  
-4.238748732494418  -14.440942342179234  0.32759105349909223  
12.193060437250264  5.718511080780978  59.888921061933075  
10.405666754192161  -11.590942563811463  0.3035131180819359  
-4.484347830401061  6.514575971697258  1.6608383557788744  
0.2144533210500743  13.675972585037844  1.1580501890432697  
-2.8548575994446583  4.0386240668841715  1.2126718798338818  
12.451952079667112  -12.640501406040498  2.3000936602674518  
7.730020905154543  0.7028942126424056  0.13729705513478074  
-13.85224125878413  0.1705419247551987  1.9283181622258012  
2.996654060633663  -8.233893399938392  41.03290171171257  
-8.656730245993893  9.58591635152941  28.98120671616114  
9.815590904379235  -7.942946144789803  1.526187038630341  
11.850808287165698  12.91073841264166  0.11106697401918358  
13.964051460653547  12.983216234057878  0.8331794684415219  
4.767504647080578  11.778192440047139  1.3373743652235555  
-3.4232474674055666  4.004105194668288  1.570730579122571  
-12.51386824699669  -3.983628940935473  23.807313073131766  
3.7772906407579896  -9.750989773341175  2.207904279164314  
0.44506958790840656  2.3118555891286547  7.663617553369348  
11.482243786703755  -14.5411488011916  0.689357647035491  
11.359596792312505  10.599750508711342  1.3996222677649492  
14.870195853155177  -13.068196718299482  0.6288665624301465  
14.17669337542127  -11.390165149653786  49.01619050450561  
-0.4921361288194195  6.652403188287515  0.5987071835124671  
13.495540864897979  12.498535524726513  0.1884333899140886  
-1.3744834567743531  10.28381161237305  2.2277837492033576  
12.695904540167959  8.996401756583396  2.4770989713848017  
-1.4661270303780949  3.202918479674267  0.946393492889497  
11.516595469942104  -7.999229791388176  0.46951027195639095  
1.674669296849963  0.25798936078954604  1.3405190534669043  
-3.6738108242359537  -5.956694882947929  1.823834821952913  
-5.702922458683727  13.4285273672754  2.2035389279558864  
3.8281930543287217  10.562109497199245  31.176226865501743  
-6.74783010514248  -10.93295223742872  1.9982470780310093  
-13.55714966726959  12.40808302526941  0.5495757928179315  
-6.102391928134274  -6.097551673844915  1.0670716945358691  
-4.8922337926171195  -0.4847726512394761  65.1046398532194  
8.604753462939723  -3.515336461545857  0.05338428820565816  
2.739545952426461  -13.835428026954785  2.1429040365404965  
2.8603792195779825  8.250291212829769  2.121789390064076  
-10.901370469222432  -4.228579194218707  1.1397013158047298  
-6.544821976838236  5.888876736433815  2.1902855640562944  
-14.700484153603188  0.6255994359170352  1.5867434803991163  
10.75124241591259  -5.810453995053088  55.21933625134814  
-6.291446652178447  -10.485607276441538  25.993427548820247  
-5.479279388712884  6.0476710954096795  0.5707062538227148  
6.471500179822886  -6.342138058310194  0.04532516429210515  
0.34781952059285004  -6.188740014325919  2.3740587322002145  
-6.586977676911607  -1.1137732008165866  1.3576627877853102  
-8.913643651334189  -6.353251223249313  51.3375774226915  
7.550338953760953  9.488996892224534  1.7484193510580393  
-4.634968834054108  -7.896097744788726  9.727118244034639  
-6.0368189959566045  -3.3344502399896196  0.5670464228682076  
12.63262695069157  11.559485382185763  1.9122606611070694  
5.2622656736941025  12.00683271577412  1.8228324534373195  
11.735306155908479  8.719418028118088  65.89794490079828  
4.398469637429731  3.937880935127417  1.1904250349237178  
-12.481798869480592  -2.140921554453529  2.2797842168828564  
3.054884252044779  -7.449161863013728  1.3211698393825775  
-12.556514892773844  7.981464893346125  1.852728753838107  
1.3639469076525117  5.758167645208076  2.1106568576119376  
-2.2828889716929197  0.5728793400781225  2.4378901858754918  
12.191832944443984  -2.804255139929655  20.78404591969244  
5.9164033571787975  2.1358433304345645  0.9369488407719497  
10.732295797364678  3.805509316470136  1.5962915849933195  
-5.389309629516653  -6.821084469640743  37.45246202951526  
-12.347859539342345  -1.4726266070551972  0.4824704235483615  
-12.032830098361172  2.8431100824806492  1.830406444420086  
-8.469476477391815  11.03007054225894  0.7922470135661099  
10.834188654540071  -4.155401972071095  2.0960394961834163  
-6.16573714921795  -13.089367715451402  0.4002235864218434  
7.294127834829986  -14.086620026179476  0.7270195557831055  
-12.828655856877837  3.292179292459064  1.2827515905923168  
