Customers 150 
Coordinate X		 Coordinate Y 		Demand 
9.063131817590985  1.9284736275551921  2.2053972508079385  
9.51463300739502  -7.789643197764441  1.952526233129446  
-11.528402847859143  9.482574117419063  2.103301888138112  
-5.123385052241694  8.090691740587989  1.1522230715585402  
-7.232406774622984  6.942860840934614  1.4634544105227654  
-0.08969603452390729  -17.240614539862534  1.1058101723282896  
-11.000814479131119  7.695034557590393  1.2877634411538632  
13.952011214191423  -17.84924238808051  0.9437657837558853  
-11.918099875649366  -19.338236101399087  0.6603692171501239  
-8.5620973801406  -7.93076757042698  1.0334743248981528  
1.363249306747658  14.753257568870303  0.7164853568305964  
3.328145006202817  -16.475086070566466  1.8532352016087295  
-11.648199775422263  16.845663711753502  0.2892501306934439  
18.83621834567637  -18.63737414324406  2.4202568466083445  
-13.607948433289394  15.318552567045984  2.2677896103666093  
13.24466261570759  -6.784348278621861  1.3683398898605335  
-16.933646676841153  -8.817267258820095  11.007033521289179  
-12.411508469839001  -14.184563358808337  1.895951959248026  
-17.89486162081429  8.829648577384027  1.2961247708624313  
15.987539539631115  -14.311507404781949  66.17640610687766  
3.586691275636369  -11.56639016114482  1.6227131920412938  
6.408980628998467  -8.72823566569117  0.47878456543525905  
9.20773028935885  -7.961899701371236  1.8845231456738243  
-9.358725124958568  -6.5222997665231155  0.26149660492225946  
-6.59397152735564  -14.64257610022325  1.5882120332786647  
9.260786954979352  11.740278479342958  0.3488631073151946  
11.116350103576458  7.324930609272293  1.9896349439647478  
-12.627661172772665  -17.426754904342832  0.6467418527854605  
2.940920139591782  9.419071390429469  0.36008004116472925  
6.904926768146751  -12.328196826479946  1.20171035249774  
8.515712960908086  -3.2014603835582953  2.2293418995254304  
-8.756126371254616  -1.4109857203886378  0.9215708367209557  
8.853774121820493  -6.722259100653254  1.2638343187184313  
-12.01934784244768  5.018155283353032  2.431872423884369  
8.4468587143127  2.1738477628721498  2.062947614767178  
5.561635650483726  3.7122781652694883  2.414153426922128  
17.906608704657366  -14.943312608023248  1.781851338233749  
9.61702458892319  15.072235418981265  2.3966060547576324  
7.926537648268223  10.432703092311321  2.113947289476484  
14.751196884159235  -15.565598378228724  18.03314287120832  
-4.653936081058863  14.394260044155594  1.2911753263170929  
17.57573664789141  -4.910637571166681  28.952658506863983  
-7.902155533530696  -14.73447563885085  1.3853746922865224  
6.766389404970813  -9.937195751648925  46.22401969217889  
-2.1803405225101358  -5.723824392439486  1.8189047577720738  
15.925186449134245  9.689863037518588  1.9150363306607279  
-13.087898556336874  -15.705794075706887  0.6177276600911652  
-4.970995562685502  2.0141788876955857  1.9036526221314074  
10.82330679308956  -1.3509558383229248  0.5651564926703647  
6.2457948766589695  -6.957090823632708  0.49107681440049594  
-13.658002403842687  -17.923730803895207  0.5394716224873536  
19.89973857297978  13.888949040264798  0.8719005714232306  
-9.319932968623048  15.815146358210882  0.44360869282218274  
-3.6334179534905715  -8.168394311172232  1.434297318213051  
14.125970459954964  18.8902586002351  1.2601213188838647  
-10.319608387824468  -17.67301544891433  2.4291358950270556  
11.050162053150526  -2.3915446965904934  2.389621418685767  
18.632989580849355  8.999328112697892  2.173548489117522  
-19.95615968871695  15.302394823356785  1.5559005778913304  
-18.852686654823515  -11.355434861794208  58.427988802473024  
13.972233179715097  -15.64808589484603  0.6859354468829346  
17.70595077958496  -11.722687374646807  0.8641546418181165  
-9.276304064555333  -7.485522673832818  49.60708065364267  
19.61610195679932  -8.747409131262733  2.379464765544716  
-14.564148940484758  5.595962230285725  3.9658704139639056  
-12.10778624407839  -0.5065098946554301  0.21214821810347229  
14.98003164597182  -1.506971934965815  1.773293805511348  
-1.462452204779371  -11.143952966928543  1.4692947932757028  
15.485276338034552  16.63830977809924  0.7745742116429949  
-19.994086338447335  4.662577721410756  0.8785816891977366  
3.6831263153588267  -0.12030062792635476  2.1479325461129783  
-1.3751634877717436  14.434716562730458  0.4127095623582208  
-17.14553214729493  10.82496056407015  0.5466678205874518  
-2.2386039123568438  -15.142585362139611  0.7139177765066049  
4.159683788885843  -0.3170805304087132  0.8231168723402082  
-13.488007796603444  -19.994857921982153  33.00419201801648  
4.13334580340759  7.6324932525385805  1.9030448363384531  
3.6972865752132833  7.8615498829507615  1.0724980466376626  
9.124715906069547  0.7507961824915768  0.4337470529222426  
-7.056426636815933  -7.836160348368759  0.07285278007404111  
-12.534704704575121  16.531580570792002  1.3640669925787876  
14.631816665734803  16.60308327433296  1.4570891542634303  
0.14467498427494974  -4.974738734716633  0.7395319201525113  
-9.504375066790809  -1.5882383939722509  0.284864556132699  
-9.224065605271106  -3.3682322358037986  1.6208105633423808  
-13.350607515151406  -1.630251625295994  1.2435076827761327  
5.631842022976169  -1.4225193243436927  2.158695346017723  
10.82787184056578  -15.73999076138815  1.8527769673249153  
4.533114211070615  -7.892500734484722  0.48381205422017987  
-10.381580729751395  -5.194746131056549  2.2353228563025835  
-6.630040398193193  -7.5755052661820255  1.6942610413784867  
1.467167437223857  -18.883204227230948  0.7985579006381455  
19.038188857821915  -16.59460910378843  0.3493918906547061  
11.240373797105079  12.686871143782113  0.7986373279701603  
17.57111632693413  -10.872873983458922  0.0029156223221454836  
2.1221917741204663  -15.04434076327799  0.8822533319818628  
-3.7514825603799196  -5.767244353647406  1.9335567925019768  
10.630123806957364  15.484269560119166  0.8269462493148211  
0.463883123780235  5.169125481621695  0.856449440773629  
-19.470604760407465  5.76492497218598  1.825635654910234  
6.131226976067641  -5.6726160728054165  1.0234794006240302  
1.4275048708892335  15.699609848800392  1.286074490446019  
8.412695117602532  -0.8824255938813792  1.7457759430488426  
-12.169799026803396  -12.221580737060421  0.24092968512716945  
-12.45177834165046  18.008561309119038  1.9965568877720492  
-15.559862300337164  7.988874470208668  57.23682434320538  
2.568490724839254  -4.4354653122066665  51.69125534387721  
13.479449067591787  -19.512568002851527  2.0146171417111662  
-6.327555898791012  -1.4906485389180872  1.8570471195233098  
-10.182495323725513  3.064462653826542  2.0519060778094005  
4.050593352082021  14.849950191959536  1.3132374838470349  
-0.3149076067476919  -19.566071338534968  2.3963190276399464  
-18.064618264252292  18.090113595183468  1.040283240715183  
8.75626921965491  -17.620976406295984  0.1774352473337909  
13.659846133488344  -11.43420473055965  0.0010806075172054008  
-4.6208520796884365  -16.214985054840444  0.0427561145058547  
8.505829965956416  -6.06671309910972  2.234466109956186  
-5.263149801533835  -6.409453424705514  1.5218565435810583  
-13.877002379528625  0.8414743199351591  0.45021779426033665  
-10.280108085368092  -10.311352304204693  1.2667877363129862  
7.299899870023339  19.81940829228489  0.9700351223811841  
-5.7087584397711755  6.808697602846237  1.389434289031023  
-1.1316624704025422  -4.589523724902103  0.29769927251935085  
5.125304670541489  14.410599677027918  0.7415285757063633  
13.522279685140631  -16.415608815496828  1.726617290265574  
-12.697913585500608  -8.37759121416305  1.6080260057927758  
-4.667421325610736  8.458271782374677  1.0179539547397811  
-10.162225981041972  16.252671273995098  2.4095436847770375  
11.738741433135338  0.35805069622120556  0.8075536688023346  
16.833001099749538  -5.09128517798985  6.025635593664129  
2.7989949158011953  -12.7485352874935  42.45121341973651  
10.02003525915778  -8.747846979401487  1.8471214237934344  
-11.520093902030165  1.5838785564473135  2.2320050455664413  
-11.50985821663336  -0.5771589526381291  8.804475134602589  
4.766802912414697  14.548191136162806  0.4163661900049054  
1.382374038256561  19.662539842747464  1.3336247835202353  
9.37624619546293  19.82006980178172  0.3946348633834351  
-0.6849658416220237  -16.830459033085017  0.5280668997435961  
7.851799293259248  -1.2102279718063116  0.6117595548479036  
-19.658929577292422  3.215493143262563  1.3759205509576975  
-19.17564774070142  -10.678204398297403  0.7428704755627837  
16.208639116785292  -0.4443116673240297  2.0247315771496286  
3.2182446105855824  10.073611652873645  0.13142070940709766  
14.708098764953917  -6.835945993305245  2.437887007680119  
-3.8155608965590524  2.4047308545519996  2.2217430128928086  
3.8866785393908323  18.324106781450467  1.110268361962781  
2.541997946892998  1.9073490807174949  0.26922469445171293  
13.912071742330056  9.107105437897197  0.6249992853302327  
6.509105868047559  1.589828507594678  0.2363045026662139  
2.366207195023282  -12.73133346318338  2.021991677836528  
