Customers 150 
Coordinate X		 Coordinate Y 		Demand 
4.493941862492628  -7.827116643498568  0.7750992494542444  
0.24577821072476347  -1.2773316353624722  57.29150176895779  
2.8010047000308784  2.9911315303197306  1.0808986337274729  
-0.6304320177075873  7.008452837684352  0.9697970372155753  
9.652646336540048  6.7436461418265665  0.5446002690589652  
-4.270263604191992  4.937565168693649  4.593983197238501  
3.708300133657021  -8.836892602124163  0.16180313374444866  
-6.89661945034225  2.2528634523003674  0.21713993648588503  
-1.7846228444645824  -2.1834864450210496  1.2957214879857026  
-5.300054985632423  -7.222721833103954  2.341367010938395  
-5.925224685337782  1.6887908039365218  0.8317776958006218  
-0.9162143282305024  8.050762803518605  2.2628791878469547  
3.640032091823432  -4.076132489713866  1.002758265314002  
-7.505557430449921  -9.148721419468258  0.04273395550368597  
7.828244057213439  -7.5736510636215915  1.6286727506113265  
2.6427398400221858  1.802936741172143  2.1643476844230296  
-5.879120227556087  -5.97308804390094  0.6404568812845973  
4.06083974716365  -2.725573226079934  0.15786080153745635  
8.032610641551504  -1.0854579700307774  1.8816602892840917  
-9.915618721272217  1.7708482413186477  2.4839331271841516  
-4.373719222669457  3.038745511698412  62.95019818666548  
-8.455181722471163  3.0220785805110406  57.74557811188498  
-0.34784867106238515  -8.81514506543753  1.3237365714932263  
7.250091552020834  2.970801564666438  0.3258980781511778  
-3.1104702427302255  -7.574443972655964  0.6395649099791489  
-3.6682439302510295  2.8633110561823276  0.5096960677955822  
9.268922633307156  0.6517593236144386  1.120241082203978  
7.536684411758561  5.646233069262269  1.1017143855353826  
6.35282706528173  5.88594377298991  1.26700552119055  
5.541480555550946  3.872273471187569  0.267029984415994  
1.7532929223635705  7.081095069129461  0.06339074974432424  
-0.632280348758286  6.318126740289902  0.2739143836248767  
-8.935626208052925  2.1083656560725217  0.058739088216111235  
2.9761444312435614  1.5176678620928925  0.2795759890071073  
3.887599583286569  -4.363420425281546  59.69014118915313  
3.117941517721361  1.4135522018052278  1.82845709790496  
7.5285888635752904  -9.393291932035197  1.9107564663760468  
-5.478776351218193  -6.669650840076422  54.7618424245029  
4.942931007996606  -5.995558062473016  2.0221953800184322  
7.490841236656777  -6.527668084069438  2.2256100328323996  
-5.490541813007599  -7.366017452357207  10.9941748175456  
-2.0003523602849027  0.14905398422918736  1.567193075333758  
4.209035931172981  -0.40381850800207  1.331698737429054  
-4.6506529250085205  9.931830267939038  1.0793469706720202  
-2.213000997364036  -2.8258529062143705  1.5247280269532704  
7.479046423823419  4.944253185684014  1.871408703757673  
-4.522648670659494  6.829451778550112  26.780116106797504  
8.99963672804105  4.489867964496243  63.15984061608275  
-3.133140437475035  2.01205327432052  1.8728182877700583  
2.032129652614202  -0.7798714157423721  18.67724342239789  
-1.5228354727560216  4.487068894091523  1.4624305183713704  
4.928075457259753  -8.954236317789977  2.0569937360418407  
3.643035804676334  9.88151540812234  2.3151895009780707  
8.950185219716115  6.9946758401065345  23.996640038633885  
7.2648923751750765  -6.84585413650503  1.8744012205672451  
7.991281618013723  0.21949775108202374  1.991179075686912  
3.0137170939086477  9.691509120436884  1.1271612469836991  
-8.590292578052214  -3.6420672878711757  2.3736924514211157  
5.566488673122574  -7.266648607091682  1.7352658200186757  
-4.940687426185053  8.449003088267418  1.960903951086509  
5.450255515603391  -7.169508327564438  1.1960611330786843  
-9.407854120623622  8.608330767030914  0.9747759688134533  
-0.9270223934282669  -9.961707740158651  1.2773705703854377  
-1.88802110536853  9.665578762782829  0.5376837296871945  
1.5192615536443803  -5.451151613761745  0.5956414873533535  
-7.743217484065057  -5.032827523942713  0.6559114465551055  
-5.310889041221387  -3.5349751465411794  0.33145089793012866  
-3.211715395900332  -0.4525676993614489  2.32195350807559  
8.35782242724509  -9.5805367717466  0.20151223596684253  
7.766732875308293  -9.128764065442546  1.1672611374717339  
-3.2648519435618777  5.741685881301766  2.431322051488906  
-9.611011739767878  2.351342832779615  0.722075231536323  
-1.8981513999065314  -2.1235833199208454  2.097589200089795  
-0.43192807890098095  -2.1565003952021033  1.4639860614951903  
-9.898233653638863  1.7562534183078942  0.33458529318662916  
-0.6677069347401865  -9.677547612595308  2.4618602658787347  
-1.7324588397546918  -7.16819491448724  0.02355835268663037  
1.1220835762155446  2.9419961717273306  16.82553567787206  
0.35809112926664  6.462429506446018  1.7093496485228712  
6.06265929908605  5.682179217186789  0.06660747741171785  
-5.914011137548744  -8.629311224762898  18.569899327830708  
1.2906392168886818  5.7867911903585405  1.905896405597102  
0.8128538384204198  -2.13634958555941  1.2369694579726564  
5.412743099665674  -4.805739537035376  1.0776570259576332  
2.7908866372787884  6.524162263661946  1.6746592477404352  
3.174696329631562  3.165083395522947  0.31874847061269307  
-3.471326352286126  8.075218150087004  0.3807972644406432  
-5.58153915474853  7.30891387210356  0.2454601130491868  
9.859380186389167  -9.87944975678992  1.259407061986341  
7.405926122828035  1.2144333795204343  2.25094794498685  
-4.710534461573184  -8.535439175250074  1.0709525394829458  
-8.412823692712815  1.885131535536285  27.42048986643824  
-2.7939634850422923  9.7147298230833  1.2753163859874805  
9.891463685450258  5.184117508420563  31.606030308912214  
-4.4790277085231445  -7.130383941408263  2.055106080658522  
-4.380985998785807  2.4910920834265298  57.695844361128835  
-6.670062131960006  -9.404422924642803  1.8884295222310576  
4.011784120172521  -3.225398138391185  1.1079941316350186  
1.164420256143746  5.895339959728528  1.665279837866265  
-6.418699923703679  1.2827013232338924  1.7834604813391728  
-4.585097799872098  -7.128463154676485  0.46667071887880773  
-2.728296690223207  9.05514856254159  0.964055985370707  
-6.496694995255217  -8.711659365767668  0.7506624853174739  
8.53612254882421  6.460258786982308  1.3193118706824192  
-6.617173547394916  -6.3656804486296625  1.3144196494817506  
-7.595495640068686  8.959541238676529  1.2286593025146129  
9.943293909251043  5.389636972037689  2.026440646011442  
-3.378978243453153  2.3032455683721853  1.1543600109956267  
5.900159046601264  4.200723335272416  66.64022671998737  
2.929188377237681  -2.640061895759949  1.447695443166115  
-0.25473752184344534  8.665542857764109  2.088645526570296  
3.582803434738066  -8.216759248694716  2.1450547029388733  
-1.6625089885790914  -7.5674197782129005  0.662785535964095  
-6.839149374372264  -3.281150761434999  0.9355612900489043  
6.711449403427665  4.3166751673267605  2.345015688864693  
-9.235522456858114  -8.245038487560985  1.1068804092480895  
-7.317720989420309  0.13482613854425196  1.1398176488555365  
-7.325819279994262  -3.6807603008738337  1.9008461716204519  
8.82473970526409  -3.0349110223976083  0.11187474771103129  
0.5453203105992692  -9.274572655194913  1.8355505524046387  
-0.5953121025150097  5.531698223497269  11.550630152646871  
-4.77991060966676  5.0727556380530086  1.175533892860893  
4.841070759265303  1.419533879674466  1.1270251308537118  
-8.765935883283733  -0.7987490643101083  0.3567177116085024  
1.276561592445539  0.8210568867377397  0.9704680746685818  
-7.904540419017543  1.9060798296189585  1.7977208981961565  
-2.165034174637861  -8.48115862056456  2.228657584582778  
-8.584788216693509  2.6140519734862764  0.6541992533937757  
-0.8564832324194747  -5.193170800593279  0.16091769472785206  
9.966021438323335  -6.274594865186874  0.6978495793534103  
5.698190757176949  -0.9465710685800985  0.4502758103140317  
3.7484715503176034  6.823998800899965  2.1267187125361557  
9.650163958988191  -9.390415810472948  62.49083933617759  
3.142354613811344  -9.040959344855981  1.2384576035920434  
8.591536723032895  -7.235060767680023  2.281637331092268  
8.2213251042056  6.201472401080959  0.023162606602744884  
4.9184511887906766  8.455225590630356  0.01943370454326937  
-9.690987034807144  -9.32186298438143  1.8574424613727711  
3.349726107391774  7.423994061569026  1.8457093027924711  
-5.145287881531974  4.286856441970182  0.1063533733228722  
4.179133822345435  3.5418159012586337  2.405896285947206  
5.706776871234476  -2.7044595373487113  2.064841959896471  
-5.1605537879196905  -7.013918406531712  1.741640592497029  
-4.138153643491192  -2.9715464721269687  1.2953370710489782  
7.356370213588374  8.984519983423105  1.2930202789844445  
-5.231972651476511  -9.157231822688738  2.0431304203688807  
-5.729494458101474  -6.174437273269843  0.30374913684704047  
7.260152757010417  8.59852274087664  0.03618772357915967  
0.605440009264882  -6.161320922132003  2.2485051457942866  
4.205249271908416  -7.174886404407815  57.546986041164345  
