Customers 200 
Coordinate X		 Coordinate Y 		Demand 
4.517232825242697  8.091340145092115  0.3509980068751642  
3.9910160738884155  3.768984243422075  1.053003353783074  
5.117781946538187  4.074561270856702  1.4757197154951034  
1.0311685631750187  1.364624558906728  62.05793552178371  
5.248120203480246  8.527512670990653  1.232462354857846  
-7.368815803135639  2.2588824291794225  1.905472219471199  
2.7695764507041805  -7.651305618133099  46.834579838197854  
-2.118327662969257  -9.428436396563889  0.1907654663082045  
1.3454936032560312  -6.817448853392345  1.3785986554328635  
0.09266311218511447  -0.44436989270994864  0.6983858704646964  
-5.64479427005007  6.162214514355917  0.4032633836281485  
1.6334867597147529  -0.12771206925021517  1.056909088710419  
8.257474228113772  7.470845424317314  1.3943961239922738  
-8.45757318659274  -0.6825097512832645  0.3240576730583669  
8.294013668822856  -5.762791121186588  1.1909831911505877  
1.2967726960165002  -9.984512780549945  55.6525638174066  
-5.5762697723769605  9.281098078978797  1.3973667970890145  
9.133900927612697  4.095035599558798  0.04334576845075877  
0.3782992665294831  4.224240670424406  1.5191859367028795  
-1.685997089917791  3.8639041383522326  0.06983944715236973  
-6.270297848918  -0.5176938883728948  42.49036669784003  
-0.2849086702602417  -2.5027094766942444  0.14728942925886002  
-0.1396453203041208  4.653642193008034  1.3137473061167917  
-5.849094626407223  -3.7442160976776817  1.7146019245091897  
-2.273551449806293  7.820366723005495  0.15539410638078455  
-5.197658712208904  -5.751509606325493  0.8863232827362946  
0.3051264688397417  7.277434213466222  64.66534265106786  
-4.846967502884869  -3.2430499041224525  0.22482665909744265  
-2.383876199343513  4.205310286183341  1.0627183671663933  
-7.180291950790099  8.135471800063545  1.917070201632436  
5.208499005472724  -0.1981300923853908  2.356598575987559  
4.667949281081382  -4.696495172601189  1.3891302530034326  
6.003072496449192  5.389154110760117  0.8047504160623709  
-6.396028763611681  7.8456832838229715  1.0167119127434152  
-1.6187914665050123  -0.9893976456855995  2.1086170213574587  
-7.566944563431508  0.7351536609898286  47.42882130295654  
8.410555765007327  7.034387280456691  0.04524373252328823  
-4.824740508748646  -9.304175199021056  0.8149377515634062  
9.098378199127136  -5.721518908665217  0.055184627144876375  
-8.770975660456887  2.2191554749946736  9.377081728727372  
-5.436901076534387  -8.826926101893019  0.0894723968228181  
2.7733083329264847  4.251108907866838  2.293471916938765  
2.014679860832418  -8.524030462692718  2.436355300425674  
-9.201127919394924  3.5648985882781297  0.37285237931502874  
-0.5655343086265958  -0.9434131920095261  0.8735041126041119  
0.15933745658168696  5.835149481125946  1.3031781640172908  
1.8451177618460264  7.2641881971552245  0.6163921449820395  
-0.9673512873859114  0.42910032304830814  0.036646289542162924  
4.061255830639105  -0.6040375922258967  1.6585515012590035  
-6.8164428408134174  9.930473054672536  1.8487435559938854  
2.811443155019793  3.78058558814927  1.7244083642423091  
0.4177575076524782  -9.58836776060436  2.156697986981841  
6.1221296399706695  1.9928844476788843  0.6804013887392646  
-4.381701621232863  -6.530340818849377  2.3909392816223054  
-7.145812189958303  -6.284769222887057  1.3750850856318806  
1.7548952197782697  6.041970594513462  0.9527713959691825  
-9.717343229385229  6.761287429139784  0.003922289690877767  
7.256766496165461  9.017099834082355  1.4164604942704115  
2.6103272808779288  5.777732148138089  2.2194682856300427  
-4.860379344862473  0.6562709835188762  0.7589409609664216  
8.305788618336578  -1.8604107112864128  1.832649995779073  
-5.722578567497831  -4.158610675387749  29.36400496696617  
9.156563949659432  0.5547828478451322  2.0758431577785377  
8.209547228099275  -2.8349300069054673  0.9635481343334948  
-1.072041983069541  -5.106450358055574  0.023451063313155163  
1.8739832972831785  -1.1216634627934603  2.285962763583665  
4.518242214976745  6.758327692781712  0.3906870226024964  
-8.342841241645107  9.711607758475239  0.8417362244030946  
-2.4991962999358153  5.30974837178065  0.556264889349837  
9.151062246046507  5.584602017505063  1.1076024491368321  
-1.0561186295431995  7.864358542505435  1.779699978506327  
-5.9917453815419375  8.220780811510927  0.5305631754518142  
5.398515806166346  -2.2203057527022967  2.208923575337653  
-3.714588197509043  -9.318038746569787  0.8806104813375251  
8.945337051469338  9.14233381701401  12.951556110230289  
-6.333986049995883  -4.161283869902304  1.8966928569873667  
9.190813006181422  -3.2254452189580203  1.187049969457943  
-6.047189139506893  -1.2078071915515878  0.6341278118135524  
0.10358961083517748  -4.924780672697839  1.39588138747345  
-1.7793095776571892  9.262971008336866  0.5466640986673801  
-0.4184602197015934  -5.789486267505087  0.9590338317830477  
5.020567660490132  -5.037410630166807  2.461396683902863  
-5.359846685939685  7.170162190962618  0.6909366893691565  
1.0249287421395081  -8.036641401589588  0.22973789925814225  
0.11288876103614953  6.2047519363206405  1.0460862526368777  
8.505648571449  -6.917903370686959  1.962647028749446  
-6.245887536428112  -7.840220495597046  1.8385436958931212  
5.034707235121429  -9.706601322861982  0.8833229400184626  
-4.364748132024268  5.222054584640965  29.15514757274038  
-4.201564894310836  -7.811922835116603  0.4555609516201539  
4.724784004921169  -9.405919005823804  1.218714973801445  
3.9159045628581097  2.4923917000647027  1.57097916036478  
-9.457308557545211  -2.3879584639293228  0.9402202769248874  
9.152101864989767  -9.336304699530697  0.20331536432180303  
2.780001697570455  -4.176988210654717  0.3085119820808266  
-9.58350659420339  -9.421879833607399  2.062999339938159  
6.774041067978505  -3.462974729126895  55.827822679330154  
-7.562377280449686  8.325931735123746  1.4102025960804876  
-2.2699711461904677  -6.630379469712187  1.2836229271542952  
2.0043555991218795  5.130172377373704  1.8095688919641464  
-8.420371821268095  0.2904900847366214  1.2875522926384462  
4.164400302421667  6.404221534262476  2.234829336785685  
-4.632906761697546  -9.306144950884729  2.2000184335677067  
-6.229271890826176  -7.036105004337177  3.9804008511106113  
5.053621585437256  6.006200120764319  1.2605045745875423  
2.7665204585350356  -4.590284964099625  0.5708936704552858  
3.630549343671044  7.346979810253799  0.5056857193357076  
8.599266290364366  -2.30503468407748  0.8535668008786412  
-2.5679926541763347  8.757931620316874  1.3679244997118505  
-5.845367308589717  0.8951671853190497  1.3455401057892857  
-6.462335385151963  -4.4833799714301925  32.16994239730762  
-5.399260527232657  3.194593528481157  47.18046363382924  
6.156185976163119  -3.9501722464191253  1.8488555206058286  
-8.466545031584173  -2.8945502152639646  0.585292808703112  
4.8800282810953615  0.9624320180055097  0.41781776894623285  
-0.18665318955937416  9.93534737645193  2.1148034808493787  
2.7021965173025837  7.69737975515288  1.6984095178674596  
-2.515096370361851  -1.4813108088270237  2.499566831949614  
6.685590693302974  -5.657605146658788  2.1070395014566685  
-5.83134020202017  -5.772398558513032  0.7691735550490384  
-0.8244353760284184  -8.900964592279434  1.803524174802123  
-1.6831529407435468  -0.7219721766049432  24.292058460368565  
2.4463219906973936  2.9297318387462568  1.685061481204453  
8.72319041222228  0.346614485433701  0.11874348107356852  
4.671776316492924  1.8984284663415494  2.0337985308230335  
0.6774874407591973  -9.48598590271833  0.7279097849710836  
-9.888500515308563  -7.279547902636178  0.288698205323657  
2.1555820478806353  -4.4497724536756245  2.0979839173584676  
1.4023787360011397  0.03723632488896911  1.037406657668891  
0.4353656786192932  5.557613786082552  2.3729598938096736  
6.846618842492017  -9.068478628362096  1.948825138368917  
4.529428760535817  -2.012810207755404  1.2393489801015678  
-9.413299994446831  -8.801338694696216  2.492089477065199  
-6.175011556653283  3.0438471268961216  0.14456361008893914  
8.55792921947754  -1.1103449691632576  13.311690017529285  
8.32171581344345  7.496109003836946  1.4296391745740946  
-1.8907994349049044  3.641536016688642  1.5612248874673043  
0.8580870256732887  -2.0939466875022212  1.0344956549690272  
-5.817404530411155  5.3107367130397325  1.7961213582668478  
-3.2831114683003904  9.295026536428157  4.044295464410171  
9.942445996506926  -9.574942894419888  0.30497554795936854  
-8.999506454256732  -9.739224038981185  1.0876307900904225  
4.744484006466529  9.969863048622699  1.8162663968951207  
-0.8334566457102337  0.5616181028842782  23.778427272186807  
7.33570566006216  7.024138307690876  0.7965153065111891  
1.114648971436127  2.183278057137855  1.1085015483572396  
7.175573060392768  7.762012826113754  1.3538054503773675  
4.214747193497034  9.904017247950005  1.3530710482685033  
-8.230823304732667  -5.664603936844621  59.96533305326891  
-4.332269720165531  -7.62632183085387  0.3854348186259421  
-7.097010135764979  3.153339557338505  1.5956959365821144  
-0.4110227959457369  -0.2777317804052579  2.151072375513087  
9.673832044976976  -2.926248546986727  0.5136167599474293  
-0.794592360315205  -1.2862865446837226  2.182266483362085  
1.2016719371709748  5.023091465168086  0.007813557710528718  
9.556690349771554  1.4603985516105737  0.20036825033771882  
6.916894141911804  7.559665891289178  2.3677110985017067  
-8.908777176834011  -1.285872477576353  2.2476335690979816  
-2.687347980840064  -8.103844235373801  0.8877020629529231  
-0.45248512997624957  -6.250879254806296  1.381833910497246  
3.0529347046148736  4.8969943304031265  1.394659017148949  
-7.488405937628064  -2.1473170125914276  1.591845418433873  
-4.673029618549094  -2.4337738057261245  1.7474009570111835  
-1.958932926635006  -6.560842761943446  0.21741869873541347  
-4.659403976514178  -0.45853165212459146  1.153817119187114  
-4.253552500480078  -4.197200810785622  62.2709072447823  
-4.164790106232554  7.109599013278341  1.7763514711367945  
5.720395395421276  9.525190002174945  0.7671342374039453  
2.5249422305550127  -6.7401972931734  0.7215509298918887  
5.705470313501564  0.5528154978359989  6.725576796887123E-4  
8.342659063575667  -6.7104098374029375  32.22076760088541  
1.8910456115849072  9.960437005344595  2.4186204790983576  
-1.6145682386874824  4.479425241261081  1.7430079609765816  
3.729990738182746  0.41587798540502696  2.1321974166318562  
8.450094851796756  3.3515788056833262  2.324762569524588  
-1.8342437057807448  -8.638149082813039  50.16539083280029  
5.049514733882214  9.028835579563715  0.6889688233634259  
3.660484823440914  3.930452290531804  0.1031745195179426  
-0.19980266509542588  6.208679483887579  2.3973605343545032  
9.414772146409923  1.6059452750108072  2.201049012179122  
-3.9281407311454775  6.2685845105710385  0.06777670491596055  
-9.830296468559588  -2.348537473107064  2.250569156781168  
-9.210415558509021  -9.981967991293168  2.2318435424853886  
-8.01821033361126  5.315244682262465  1.347600411152634  
-0.72080263795376  0.6128821878556057  2.3423446729654036  
9.361429853900674  -8.167948383295698  0.9533837754164765  
-3.9535289153643642  0.1477235450084997  1.6509836922750543  
-0.8344766292867583  2.2353588905531634  1.9543198616131374  
9.380800591988702  8.44182757263129  0.3022413045452024  
1.6348580527417873  3.9959721387878346  0.28257544724203193  
-7.3260400083507005  7.534329921218422  44.78760585101874  
3.96689779160803  8.502684490553694  0.6307134713778115  
0.3445777645287933  0.40426701289497835  0.14085443944279713  
6.814597557304886  -9.599403782662016  0.4185517999206667  
1.258947392878385  -2.568912657656024  2.2401647675191905  
-0.8981343044971464  -9.197271003649943  1.7954524450686493  
7.538798815879627  9.111273763165968  0.9876328139247287  
-8.453695352608847  -4.609445862857358  0.08624475880548155  
1.6466630900920514  8.546684224031047  13.295109257155103  
4.279849989570014  3.4190622406432105  0.21398612951053192  
