Customers 200 
Coordinate X		 Coordinate Y 		Demand 
2.2621996835095466  -2.736105909294184  3.2387783636616687  
-2.8129169301093238  4.968540661134963  1.5027647934562598  
-0.16160501835945773  2.203962156897364  1.7895108204430592  
4.617369158275155  1.3524926818059866  1.7127133400876224  
0.40797920404218857  2.999735847370296  0.09795840131675698  
-1.8534159550993987  -1.590356359199573  1.5056412145261957  
4.31729222827885  4.0490527661539115  0.23996148848147103  
1.2144194860316135  0.4117357513605766  0.5672656064055934  
-1.1533889346305513  -4.121641800528778  1.0194839176650423  
3.9529036055287037  3.897561655024946  2.115930060428522  
-1.2407923296632548  -1.6152891753022325  1.8098743702293727  
-4.175610184295959  -2.091313776133361  1.455072163786026  
-4.39165641489934  3.9734192455427113  57.305765448369876  
0.24013407106716755  2.499700868779482  1.372157241206904  
0.3725097140329279  0.47412121607829594  15.059923699875288  
1.9797760754733797  1.655828344540586  0.44853186846905785  
-3.510773277699384  -3.781883887607812  0.8610314037609443  
0.7320366731732983  -0.749311519961342  0.9696488638493925  
2.857717114030585  2.1597663142849113  1.407655335156204  
-3.4230567555197524  -0.8229624655154923  1.2501183320285458  
-1.1192381272807594  -1.5752221677305203  0.32453153300232684  
-4.270104588940252  3.2832931726150427  0.31303699734705953  
-3.883944969400368  -4.831826914419396  11.647342430444038  
-2.6321142227158214  3.2486585792709963  0.9880492647157246  
3.607365696628971  0.12476966822346647  2.1218030698297246  
4.858183616814388  -4.970342517157698  0.6175931950257446  
-3.534174694348813  -2.2650250459686028  2.181178991583403  
-2.790199522317801  -2.9891069135792723  1.6857842559414515  
-0.2283540323869051  -2.7712885046504807  53.88865963715074  
-0.931957141679181  -4.507156653294108  0.30939027706508776  
2.3665887969758863  -0.449715220052747  2.292970200503592  
0.07247159836932493  3.649503140812735  32.77018476340252  
-2.392510036154334  -4.4929938598916275  1.0342923860168527  
-3.1014257457146863  2.588690305880678  0.4742921683138923  
0.6511595471686409  0.02438170794922989  2.085782318062318  
3.803468240946783  -4.352176665082244  2.0644969673342803  
4.3409650293340025  -0.10931718138292723  2.1635475726314217  
-0.004057128077569416  -0.44201444688841107  1.6057718845340676  
-1.734588244184688  4.873708084866804  2.3345659769371316  
4.6511556208998766  -1.3909110030357272  13.70511229996785  
-1.940967279265955  4.5925509800461946  1.9403238615699552  
2.890294238723854  0.4489476795824867  0.40155764844670816  
4.515900374505154  -3.972817070529536  0.6608649777296466  
-1.45448330422738  4.649075178113417  61.99637601511632  
4.586073783023778  -0.9513313470573168  5.020555225901973  
2.030482595781397  -2.329979824534496  0.3591072287125577  
-1.1747078790806031  -0.1471772101745552  1.8670599025366026  
4.136787658312029  0.35904736721821884  2.2201494185838824  
2.368227306795971  4.680121196658966  2.361853996964684  
-0.9233863506209827  -3.3870180892859536  2.4199101851971907  
-1.0043895862311936  -1.295319953449583  2.38193997473838  
2.591906773041398  4.339026540870398  0.2642992605760844  
0.365540863420593  -2.5248855933039183  0.5620050780336266  
3.4503972759996575  2.346365580896933  1.9126182999176784  
4.979293260004795  0.7900899448018173  0.06760322088432413  
-0.8512272435334909  -0.6986343569917324  0.44095364549811916  
3.951934523803315  1.3913787702111344  1.1967718728147738  
-0.8566846783524653  3.379190898102019  0.545004473067515  
3.158061784624058  3.3572323899541203  0.6376844317606865  
1.4283194809430544  3.74463846266125  0.19679854831766014  
3.822976302048531  -2.4211134146773574  1.2592927027045522  
0.7825992055736632  -2.504988590677788  2.19474917142368  
-3.870396946148753  4.203005303226375  1.936911649072792  
-0.49560052288107137  -1.8021585686284025  1.6715064499391052  
2.91147088667202  4.422882763777627  0.039700157877262665  
3.95502246930519  4.656270397469706  1.2490554908435683  
3.0020644349848578  -3.498789643181104  63.59814787226531  
2.7314831639913013  1.0349079677643536  1.1555154902129472  
-3.6891396072354397  3.4072258152075676  0.6654195691228676  
4.78850476920571  1.978972794058417  2.2430920319143817  
-4.803638942471753  1.9510522061471764  1.9638162809361042  
-1.6698317813569519  -1.140465152275155  14.856872865311455  
-0.7935624923644733  -4.201956293160999  0.12779567933610098  
3.7915273870723283  -4.222332782404092  2.047264166174968  
2.756294661972259  -2.7540515375417804  0.6110156138462547  
-3.269497561580208  -3.5396782822291515  1.5304874975397995  
-2.1856284485228894  -4.852299648172183  1.5450473842717467  
-1.0496363884692572  -4.319257913507441  0.8533129292256075  
-3.8335132580441247  -1.1373456453630126  0.9148142388242977  
-1.3268808730279003  1.3362226340323158  0.30975842074425913  
-1.6714532175030938  0.6190759299669235  65.68262079914004  
3.084118998339383  -4.183967248250083  0.7092429004566952  
-1.321877372956358  1.1706981313952696  0.7152343047608339  
-0.9318146233081679  -2.2076901496439283  1.5073011904425178  
-1.124786084905657  -3.8698409708895087  0.08344840798962916  
0.457586203468324  -1.9332571468221271  0.3530773743892407  
4.142508368764993  2.8621298115461657  22.113830473005997  
2.61216078885108  -4.394149175889014  0.1180499722981404  
-0.5245477566222405  0.3189511288554572  22.165511208641515  
-2.3480888147966326  2.3976760993445865  0.0954419225878203  
-4.647559048543856  -3.2984178352228977  1.4564879703370628  
-3.8376277806208794  -1.7373026778934997  33.54093549913832  
-4.9845535321585634  2.3286842460441157  0.6448060837897968  
3.6930721908855766  -0.7482172819099109  0.500976364772433  
-2.10861003474062  -2.4033563005960445  0.1557137835750344  
2.8693971742025983  -4.236012404799986  1.4726263545864624  
-3.7754249785470586  -1.5866492264876495  0.73448491730641  
4.438171155757249  -0.9829833712041678  1.1185744226976544  
4.490492603924913  3.988545966786278  2.3200362025904138  
3.0672632302237304  -2.996841135121715  1.8176022548107387  
3.661310416691432  4.363545437577672  1.1555158280047868  
-3.780461964545041  3.563506540159864  15.873840624748357  
4.893360273781736  -2.436839362450549  0.7228971696818232  
-3.0785428510569677  -3.286723694205235  1.3987167858295515  
-0.2930668218411885  -1.247379657157428  1.6285307311797959  
3.7466472525858077  4.851038067751176  1.3300427382664108  
-3.771301323477333  -3.7176880624507715  1.1916072373744395  
3.8347476315342597  1.9846704031299947  7.323210135939501  
3.5670573491070403  2.0031518377144577  1.6124858282440315  
-2.7341536681073118  -4.393150222930307  1.6987231104257947  
-1.1092596027719317  -4.2646011443568  1.2228390353077478  
3.61082149185418  3.352889464803418  0.8008401175190044  
4.280969285515049  -3.726278787701042  1.4445693620340543  
3.97789739456082  -2.92625960460299  45.241737534083434  
2.927487836959884  3.8113324131814217  0.20944920685817076  
4.375730192649103  -4.543036362247879  1.0787797790511653  
-3.2612221249298026  1.1660058759053111  0.716437813911823  
-1.2866679667938041  -1.1715094548007512  0.7607117250182391  
-0.063227624115334  3.6907830033271978  3.2500695978667116  
2.2571514388239455  2.2679813968519618  1.0179806270545608  
-4.293621360254187  0.2521848139599472  0.13677966721810514  
-1.134383189168895  -4.329405843795456  1.1105961041403687  
-4.529877311125969  0.1587424940738016  2.2413803954883535  
-2.178539313126744  1.8879787299985278  0.43013602838996606  
2.858229114271616  3.4226560146482843  0.6302079105443037  
-1.4178672634919707  -3.4186953029441582  1.1679678953819297  
-3.055552794528482  4.2373971461494016  19.617143296831042  
4.2686172643399125  -4.080859204169518  1.0037638196942038  
1.8179373631422022  0.054065343744087  0.9224801446091613  
-2.787033591888096  0.7529927247661004  0.0037630875477792647  
2.0615291496039596  1.1393135064785938  0.48684028757587955  
2.384861448517065  -1.5966834243640369  1.543235201947501  
-3.79333688537709  -2.0023499286239463  2.3620472799422716  
-2.9824850172308794  -4.311183236367348  0.1925961787572647  
2.735332594415416  -3.4590623502704645  0.41451303854259075  
-2.746774291857067  -0.6681553432031375  0.13163197904716512  
-4.300669009787553  3.387892803900682  2.227929838172467  
-4.871098973784431  2.372705799977205  0.7812812587298601  
-0.4728762209453832  -3.8235943927216622  34.043239473790216  
1.7218558612575432  -2.2743066484793353  1.9674316002204952  
-4.91134439395514  -3.7285112733921464  48.97678339615323  
4.7762032760339785  2.509654957333395  1.5561811649935742  
1.5884015034340244  3.7516671442590734  2.2238435531511094  
1.6301481841916807  -0.7140887979478929  1.6250203601795024  
1.356981302945659  -2.943374066258281  9.289183496179344  
0.7644969857770798  2.836332787459966  2.3593849551600106  
-2.888357066045989  2.1789217671123193  2.0615150910409916  
-2.20730430834029  3.614392566230457  0.9890351481729165  
3.7559324073227778  -1.21742242076182  1.2148189126550326  
4.212708394830722  1.5020027848828033  1.2037132668576866  
-0.7111400226852194  3.1313670361380215  2.001594712255431  
-0.25895052608505686  -3.9950473045430557  44.74835632676714  
1.8938763325723453  0.20960607169637857  2.197620384598273  
1.5492811633485912  1.519755176158072  2.4365521054907116  
2.777969575177284  -0.08173999738342097  1.1161719213208934  
-3.776709602898226  -1.1952815109457458  0.24898730428816962  
-3.1688004044949194  4.72918132524098  1.7790362116028038  
2.7656549957759538  -3.7119466203009566  1.2025144451499177  
-4.323024539018453  -1.3197096451121935  47.464898036372006  
-2.538585033399312  -2.6541711099522116  1.3081169403490316  
0.1833966732875112  0.09450971351393456  0.021288846138073914  
3.9275580175843157  2.1825904423008167  0.4549302200964475  
2.005962794532712  2.905266838009708  1.4143429316875644  
4.166533788744212  -4.552550383765521  2.4855366809112955  
-3.7680297147123154  3.9713764835106087  1.1894943490518148  
-1.0558901495210016  3.2184613383216103  1.7661641666506989  
-0.3030949961974514  -3.7358846176248517  0.5488877227870606  
-1.6881199767993893  -4.511900232152453  2.3162411969843544  
2.0431449624705342  0.309301405742783  2.450163468505166  
-4.405261261159131  2.7826445005039027  1.1867620929066276  
-0.9087156014316431  -1.2328093450800601  1.2193352496893968  
0.6636338609955983  -1.9517087196072969  0.9019147856631018  
0.59439308477904  1.5330046059905467  2.3060318312552464  
0.813910119699023  -2.5632021276523878  39.2697359459329  
-3.054477094895236  1.2408987232423758  1.6830565399850181  
0.06955654616695472  -3.8765204909777786  0.06206957144680336  
1.9087731629837448  1.5541874215204317  0.017217476772283802  
0.2336687969027995  -2.209634317760729  1.4458116243104435  
0.9442282118406471  3.1246343344070837  64.42060566723245  
-0.4945604710125098  -1.0926711067453567  45.96611428694541  
-2.802919560493542  4.603624929008543  2.2587069821635475  
-3.016008335244924  1.4440012292493503  0.19216858652743946  
-0.2787504109658814  -1.4119715874093561  2.219001283334876  
3.8793627157860815  0.14528856113945743  0.3466375755235643  
1.0078110748168214  4.883569175593177  0.7641693769666771  
4.750955823984237  3.0032971124301007  2.4237894671104385  
3.3885479273197365  -4.031490573646522  1.7246923741360463  
4.593769042429944  -3.9415183273371057  1.9930532431734802  
-3.6150632843478894  2.0404681049459708  2.2060986114969126  
0.09271635310774329  -3.8371676341487584  1.1783012278426006  
-0.42712112245915  -4.4708230880955515  1.2133765883586758  
-4.134650663502121  -2.1620926151922726  1.5270284017137639  
-1.9665057120623706  -2.5420052605622914  1.5622836660521044  
-0.9867015709468898  2.860529719345159  0.15177905431832978  
-0.03971470792901144  0.5369876738988388  0.8295037583376461  
-2.197260967233614  3.708954618703217  1.4582737102287193  
-1.5070141264928951  -3.6296106248863733  0.218607064660018  
2.79420118933304  4.5023261887112795  2.399689646031207  
2.3484067907338915  -3.3387458577709586  0.8437646093429485  
1.2420299457583521  -4.433770508489641  63.32456513137234  
