Customers 200 
Coordinate X		 Coordinate Y 		Demand 
6.6710394584538975  0.5039537749104284  1.6233017718653084  
-10.867046273403817  12.945055804672315  46.19712859261421  
-2.7488237954059453  1.236407626833845  0.29125647019221157  
-5.930450216244038  -2.555835907140601  0.8629838571604143  
-2.3074525430453665  4.763870072282437  1.6688760974612031  
2.8902616375777868  -14.557603581382011  1.4288246666965927  
8.378621249344054  13.187899250770897  2.101090366868092  
5.320196803472154  8.423195619112992  9.571087597214582  
-12.06728405689355  10.626658004617141  1.1299671158384783  
5.871762781063918  -1.169138570837946  0.6273294408974045  
-9.729128720904644  -10.887084478318567  1.6888062456397621  
-9.023425650251195  6.611569270619199  2.1748193861200265  
-8.3922787181707  -10.755132476664343  8.25044470853751  
-8.402287983176755  -9.121718474861868  54.37826781035735  
10.345057698026743  13.206944918367114  0.004051944038610256  
8.002010745015504  8.066753676924481  2.435595321861021  
-9.727231259836671  5.277809565509376  1.626637086928666  
-9.127922132462327  5.449813236929064  0.38689075595214256  
5.011850087393313  12.442716676553449  0.1066089944465165  
-9.562292528936776  -3.622895776157611  2.312120524500618  
-0.8708420611888812  -14.772563532238452  1.3690785958879492  
-7.193592634409184  -8.892516616513078  1.0312506590253667  
-1.1463839529380433  6.370920626507008  1.3437151394989995  
-9.827304583719414  -5.398745560037655  0.048490348182250176  
-7.176462189901973  2.4539024010665216  44.627150750008  
-0.9141215495029229  0.13942857179695167  2.2564416379141576  
10.79477244336298  11.100614315866316  1.1152772799665267  
-11.544016744362194  5.137198524047577  0.355489838411262  
5.739350838833161  13.870816566939407  1.6755799037446693  
-13.522460753580772  -6.981184332811745  1.9669495127302077  
-7.735678865782113  2.459318535273585  14.99674754815579  
13.150891034378397  12.521055402073287  0.5434826076148616  
1.7804641273794246  -6.6798173269888395  30.44796955609206  
2.580736231431068  13.29245508091427  1.3053041787873945  
-7.64942836976508  13.332800576255014  2.331255369171851  
6.731570520040652  4.155524372188879  2.055690203716208  
8.646983485136495  -3.372975535528459  0.6417819340815639  
-10.180271160166258  -2.1009036303155693  1.8543049644126828  
-5.051944614361844  -9.815455002167758  0.956216811259738  
0.021712546326156712  -6.031972356261653  1.1518620276019793  
-8.39673582300071  -6.666299782893544  0.7936706062250032  
12.67848937993848  -12.082583794569171  0.11463539212374363  
12.896622107781159  -6.245091450896323  45.006503019618336  
6.675446042681262  3.9985399938564434  2.4923361161331  
-8.261901562258378  -9.88609716083158  0.32717593015739344  
3.1776974315299995  4.7436917862698955  0.5078697087326314  
4.112728590563865  8.939967964974997  1.5473816019573094  
13.400418244272789  -11.08289512891183  1.8724906230605636  
3.7171009864798634  10.866351617050366  2.3013520098037796  
-0.40608893486550457  -3.3008414289279635  0.6548690050806905  
14.712912248643036  8.85005281192921  0.9384749011352989  
-9.076932071218874  -11.528960148241815  1.8575853459205498  
-1.9727277988685081  8.48816599351387  0.5847656509498775  
-6.5790616475789  -8.932935815937633  0.17956873217048808  
-5.870548188872085  -11.952035498576631  12.273475497422787  
0.6960816217269539  12.861828543363558  1.5679944723752748  
12.713756163709771  -6.672070351383713  0.8736391243164388  
-0.42661564269651464  -13.44060185063252  1.7881564774812335  
-12.781782366547365  9.96688437663833  0.7668608887959422  
-7.651956724349823  6.05169960554224  1.8648299313266836  
-0.3912155877596408  3.31844510685411  2.4228834076779076  
4.832392159687199  -8.786679969232475  0.8736405043818729  
-1.6412926194055029  13.50796751982034  2.1804254328521404  
-3.1247366584562073  -8.000105546760867  2.1859548086358855  
10.052802046538666  -9.21083118776112  1.7400223726866535  
-10.466428570142298  10.717267424707842  2.3958087007392788  
-7.453728671530976  -6.182371684815283  8.080042544989434  
10.575803996348991  -1.1713779225522263  0.2823880754205821  
-14.892209283519978  0.9583394117983612  1.9920068919479506  
7.497112541852296  2.1667556529933556  1.2865785513944399  
-11.523476963329175  2.2445094972371287  1.2345661974540632  
4.725684209740027  -14.081299239989676  31.453605733158096  
5.26277083488673  -2.895208128571751  1.8749204868469813  
9.200087790437877  -11.750136432769766  0.1307372963163267  
-11.378062148748064  10.476138484308652  0.20592716885528523  
-14.002722162273514  -1.0651130940068025  1.0921951581672769  
-5.36850424447522  7.4194594357511505  0.19657504463819864  
-6.809056935544206  -13.137595205537412  0.37207292635924066  
1.3006412491943493  13.855274797100606  2.3362862451275204  
2.619895578858795  -2.219106100635207  1.60649419764749  
4.642330987170261  8.536559185151898  2.421997144964138  
-9.25382695250616  11.152793141183526  0.7948959234913864  
-10.262618116323896  -1.1240588138355214  2.329035032432559  
-8.717441830888156  2.484094947005058  0.27349531660951776  
12.220323584646103  10.744473930482002  0.43180516344174413  
-11.230812678039808  4.996584497844474  2.0309513170862843  
3.1166931299270964  -0.14085639078250622  2.4653044015356875  
-10.221047901732675  2.009916840086799  1.4697344218577326  
-2.5385438711062687  -0.12368810651237361  1.7434770591839537  
-14.068637764341338  -1.0992803927385726  24.553110706966116  
-5.37175709184284  -10.19171971818876  22.81620692821595  
10.394578353113502  1.0059168097191638  2.2115328853511547  
-14.200910010054683  -9.11984040433719  1.9455086041126666  
-12.944718563408294  -8.662557560550209  0.4261208334455782  
1.5043693248648076  10.444236448592136  16.86531105475057  
9.036083682143708  9.475553429206734  2.194136207887521  
9.66259675520963  -1.9309785264770944  44.27491606472688  
10.740159935090567  -9.49208772220124  0.5035772027440808  
12.049805932322762  -13.579832666154743  2.4285936592902044  
-4.8972169010670346  -9.618362071638261  47.858582918311654  
4.628174470310178  -2.949554897288886  1.3249076458653366  
5.229463986730568  -8.464495624315449  0.9225092452878481  
14.663592359409336  -11.284033634404825  0.3519505888170085  
-2.8996328578125254  -9.82052133963776  1.3449279507420984  
-14.938145272554056  13.335836277769054  1.4222497247643608  
-12.47929175591419  -5.91120953365675  0.04419056663326676  
3.853173666546894  2.212426496373368  0.06795042485710584  
-11.003200966632285  -12.720291337127554  1.755946356723792  
4.254692778165019  -7.370540299259587  2.1084516955346957  
0.7174500703735536  -14.56578053391176  1.652006080666871  
-11.759312245804782  -7.554917672805765  1.5010554806797718  
2.320397932088941  13.440802795430308  0.5244416940204946  
4.0501511758699  7.797127737299327  0.7906454921748218  
-5.376537536957507  -6.081528227700437  1.636098289993392  
-14.43856208082677  -13.462256906976435  33.9245810759562  
-10.999891934218224  -6.90871442931055  1.5910342660455103  
-11.036334004299142  7.5145779109556585  0.02263391083169003  
4.579102798146213  -12.119489821520855  0.7034047019505154  
-10.34544340622052  3.315715392152299  31.88448529375762  
-10.052038443277613  5.581619174196824  1.4683044726100336  
-0.20559788619744523  -8.404462876319478  2.4292833100108133  
13.539861972799887  -5.006682651911801  1.8630857655774447  
14.445852444601687  -2.401292163634004  0.010952355646423606  
-5.6162813703391254  -4.634215139766262  0.8326661354254674  
-8.270803124578347  -2.000529855739657  1.343807199612582  
-7.6028951019262045  7.035316047370628  1.4373431618992052  
-10.07715268697953  13.673428574263514  1.10857634310102  
14.901706434202477  -4.887449205319726  0.26662996271729494  
-8.061311200925884  6.51902242266333  26.2880238958114  
13.540999883631965  -14.90851825158858  2.3476290249466896  
5.10200232685505  -7.054133923524156  2.45317726596297  
3.2798365888914347  6.746425227316067  39.21820327199364  
11.665637798787355  14.147145383995227  1.885001085278255  
2.665629538041234  10.184141567459726  0.9262457023569604  
12.98812804225025  0.7732614529296669  1.0195921073575436  
12.030815975629697  5.41829879335349  2.210209507912948  
-2.194570898692408  -2.8760928922293143  1.9358513759481024  
13.816297713382827  -5.66654247314009  1.003336036927356  
2.5259810744964533  -12.52423641502375  1.9448851173379116  
-13.304460167923047  -8.594225173383824  0.20117489550783546  
-11.021234447861817  14.663000238923516  1.6077377991757835  
-7.320985610744339  -12.952396695195318  42.304726599176604  
-7.455943618003364  -1.47222242229563  1.5923889837008463  
13.878678541420335  14.943186566775804  2.2617037877891635  
11.09654987503087  -10.642075444703485  2.286030261183858  
3.1121761540473187  12.242622626487119  1.4123881643921623  
12.69055665143473  8.928993791944439  20.935276556403323  
-9.973553279874553  8.981299696025197  2.402420999694667  
-2.583049597075199  -10.732132786094986  2.3588487920951575  
1.9204304370496317  -9.408022433203877  0.5322202929557849  
-3.63844534611793  -3.244888015404033  1.3881830786582448  
-14.053438467291294  14.876708475332215  32.6780579372162  
-11.905341449522187  6.683265700307022  0.344581158831386  
-13.12927270878513  2.3057865410378184  11.093119691328864  
-9.378654780919367  0.8882451345765663  1.7013196242681803  
2.0703904570484006  6.010910504607434  0.3513324370679194  
-5.777670241954496  -1.4289418250541353  1.2322912178263326  
-7.0494419439995895  5.3397455016778395  0.5625449810254799  
8.114978557758555  -2.0729829640101993  43.36351846375102  
-0.5427175347358144  14.339077317626785  2.1005743880687877  
-8.635784716817117  -6.300374089668981  2.285017765409823  
11.868385147132685  14.033739270144387  0.801768769861837  
-14.027014115668525  3.276345388367414  1.2447168156751784  
11.541090890309455  4.868507177146672  0.6032681396899207  
-2.4180203012320263  11.443413737459814  56.36626210581676  
-0.20374484981907415  3.180140992035369  0.429221976277446  
-13.291708694980608  -8.583089839531455  1.2441231199921812  
-8.381119844832988  -6.933231659643964  0.6633411020981836  
10.952706556439015  -12.732748029191043  1.367578771544694  
-11.645399641158818  2.5217963629682885  0.9362994774583275  
-3.894690699173246  10.35431281557134  2.181071103373334  
11.081823740722776  0.1995289948692296  1.5815009248995207  
1.579088415549073  -10.10964991592082  2.5923631109601573  
13.83922942848297  6.679697765973554  1.7377280057035092  
-6.898766606678723  -4.75207918967844  1.0813966462453928  
13.388287357347274  11.59807051249847  0.20218640529139187  
3.091812637026475  -4.870010370664481  0.3635446854577057  
-0.3094926315240869  -14.489655032330104  0.7624627012249308  
6.659509958241177  -13.780600174170283  0.228652484793348  
8.779097096667499  12.856498549438015  1.860909559781597  
-11.355876056839538  11.424902764980683  1.831206976726503  
-2.795286079057073  9.892794831913502  1.0699745398037317  
-5.3645021425169155  -14.659064257326405  2.357055327059018  
4.735002174778092  -1.0413710294339715  0.48198835655928834  
-3.601416363637691  2.0383303575912173  2.1045539579646015  
-10.512397992870557  -2.054605537014565  2.241927871618415  
9.634319477406066  7.803140324835766  0.9323243328403807  
-12.823682261740323  1.3345711731233152  43.808743666824476  
9.506010054200022  8.940778209562204  1.739632813223126  
-6.349866333870471  -3.327793057468556  0.29924924471132375  
6.860897138481526  12.262647541616122  1.7704091878787462  
-2.5952395265027963  -2.1530061658980113  1.8916429564816304  
-4.423389681009516  13.37245554282374  0.6569195638210832  
-3.753590644294487  -5.960880398029612  2.3945861533624835  
-1.0378222179846865  -4.6306023782070245  2.2441098026169897  
-10.212532144915867  -9.292919542581222  53.7981613876457  
0.643296899943886  -1.9146013556442902  0.36063416727888237  
6.95378100395218  -3.5203537702404315  0.03015714560755889  
2.8615407930415664  -4.526397194937555  1.827586089533366  
-4.816792037647588  -2.6798313140972425  0.2902551733518924  
